image_width: 800
image_height: 600
camera_name: right
camera_matrix:
  rows: 3
  cols: 3
  data: [632.212525, 0.000000, 407.811635, 0.000000, 632.310261, 302.476855, 0.000000, 0.000000, 1.000000]
distortion_model: plumb_bob
distortion_coefficients:
  rows: 1
  cols: 5
  data: [0.158298, -0.282313, 0.000150, 0.001611, 0.000000]
rectification_matrix:
  rows: 3
  cols: 3
  data: [0.999007, -0.034207, 0.028561, 0.035152, 0.998829, -0.033241, -0.027391, 0.034212, 0.999039]
projection_matrix:
  rows: 3
  cols: 4
  data: [734.174543, 0.000000, 400.643105, -442.931607, 0.000000, 734.174543, 304.526749, 0.000000, 0.000000, 0.000000, 1.000000, 0.000000]
