image_width: 800
image_height: 600
camera_name: forward_camera
camera_matrix:
  rows: 3
  cols: 3
  data: [598.117814, 0.000000, 435.135942, 0.000000, 597.976304, 321.253912, 0.000000, 0.000000, 1.000000]
distortion_model: plumb_bob
distortion_coefficients:
  rows: 1
  cols: 5
  data: [0.024882, -0.020451, 0.001094, 0.000632, 0.000000]
rectification_matrix:
  rows: 3
  cols: 3
  data: [1.000000, 0.000000, 0.000000, 0.000000, 1.000000, 0.000000, 0.000000, 0.000000, 1.000000]
projection_matrix:
  rows: 3
  cols: 4
  data: [603.043274, 0.000000, 435.747126, 0.000000, 0.000000, 602.797180, 321.979446, 0.000000, 0.000000, 0.000000, 1.000000, 0.000000]
