# oST version 5.0 parameters


[image]

width
1920

height
1080

[forward_camera]

camera matrix
1041.482343 0.000000 1028.461742
0.000000 1040.575457 558.582608
0.000000 0.000000 1.000000

distortion
0.008547 -0.006032 0.000450 0.000662 0.000000

rectification
1.000000 0.000000 0.000000
0.000000 1.000000 0.000000
0.000000 0.000000 1.000000

projection
1044.289917 0.000000 1030.517941 0.000000
0.000000 1044.619019 559.189248 0.000000
0.000000 0.000000 1.000000 0.000000

