image_width: 1640
image_height: 1232
camera_name: stereo_left
camera_matrix:
  rows: 3
  cols: 3
  data: [1267.171411, 0.000000, 797.506157, 0.000000, 1268.092090, 619.399193, 0.000000, 0.000000, 1.000000]
distortion_model: plumb_bob
distortion_coefficients:
  rows: 1
  cols: 5
  data: [0.140328, -0.219843, 0.000189, 0.000364, 0.000000]
rectification_matrix:
  rows: 3
  cols: 3
  data: [0.999978, -0.004782, 0.004696, 0.004878, 0.999776, -0.020614, -0.004596, 0.020636, 0.999776]
projection_matrix:
  rows: 3
  cols: 4
  data: [1370.987419, 0.000000, 791.260445, 0.000000, 0.000000, 1370.987419, 624.189186, 0.000000, 0.000000, 0.000000, 1.000000, 0.000000]
