image_width: 1640
image_height: 1232
camera_name: stereo_left
camera_matrix:
  rows: 3
  cols: 3
  data: [1287.908034, 0.000000, 816.651502, 0.000000, 1286.927347, 635.377151, 0.000000, 0.000000, 1.000000]
distortion_model: plumb_bob
distortion_coefficients:
  rows: 1
  cols: 5
  data: [0.150066, -0.272689, -0.001885, 0.000104, 0.000000]
rectification_matrix:
  rows: 3
  cols: 3
  data: [0.999959, 0.003466, -0.008359, -0.003181, 0.999423, 0.033818, 0.008472, -0.033790, 0.999393]
projection_matrix:
  rows: 3
  cols: 4
  data: [1446.967343, 0.000000, 827.258621, 0.000000, 0.000000, 1446.967343, 628.432808, 0.000000, 0.000000, 0.000000, 1.000000, 0.000000]
