image_width: 1640
image_height: 1232
camera_name: stereo_right
camera_matrix:
  rows: 3
  cols: 3
  data: [1295.745755, 0.000000, 833.948853, 0.000000, 1295.847560, 619.975375, 0.000000, 0.000000, 1.000000]
distortion_model: plumb_bob
distortion_coefficients:
  rows: 1
  cols: 5
  data: [0.174636, -0.345289, 0.000092, -0.000228, 0.000000]
rectification_matrix:
  rows: 3
  cols: 3
  data: [0.999740, 0.020774, 0.009435, -0.020443, 0.999216, -0.033903, -0.010132, 0.033701, 0.999381]
projection_matrix:
  rows: 3
  cols: 4
  data: [1446.967343, 0.000000, 827.258621, -3748.733512, 0.000000, 1446.967343, 628.432808, 0.000000, 0.000000, 0.000000, 1.000000, 0.000000]
