# oST version 5.0 parameters


[image]

width
820

height
616

[stereo/right]

camera matrix
650.156376 0.000000 419.724451
0.000000 650.077797 312.383851
0.000000 0.000000 1.000000

distortion
0.166431 -0.299444 0.000738 0.000677 0.000000

rectification
0.999990 -0.002469 0.003655
0.002387 0.999751 0.022177
-0.003708 -0.022168 0.999747

projection
701.224319 0.000000 417.358025 -1796.980061
0.000000 701.224319 310.732422 0.000000
0.000000 0.000000 1.000000 0.000000