image_width: 1640
image_height: 1232
camera_name: stereo_right
camera_matrix:
  rows: 3
  cols: 3
  data: [1274.003112, 0.000000, 829.226566, 0.000000, 1274.948259, 626.007399, 0.000000, 0.000000, 1.000000]
distortion_model: plumb_bob
distortion_coefficients:
  rows: 1
  cols: 5
  data: [0.158974, -0.303370, 0.000049, -0.001514, 0.000000]
rectification_matrix:
  rows: 3
  cols: 3
  data: [0.999827, -0.006080, 0.017575, 0.005716, 0.999770, 0.020676, -0.017697, -0.020572, 0.999632]
projection_matrix:
  rows: 3
  cols: 4
  data: [1370.987419, 0.000000, 791.260445, -3514.502561, 0.000000, 1370.987419, 624.189186, 0.000000, 0.000000, 0.000000, 1.000000, 0.000000]
