# oST version 5.0 parameters


[image]

width
820

height
616

[stereo_left]

camera matrix
640.697957 0.000000 401.430967
0.000000 640.273788 307.255025
0.000000 0.000000 1.000000

distortion
0.152321 -0.256851 0.000387 0.000206 0.000000

rectification
0.999855 -0.005092 -0.016232
0.004731 0.999742 -0.022212
0.016341 0.022132 0.999621

projection
701.224319 0.000000 417.358025 0.000000
0.000000 701.224319 310.732422 0.000000
0.000000 0.000000 1.000000 0.000000