# oST version 5.0 parameters


[image]

width
820

height
616

[stereo_right]

camera matrix
648.188357 0.000000 424.128217
0.000000 647.890175 309.990045
0.000000 0.000000 1.000000

distortion
0.135296 -0.213864 -0.000560 0.001179 0.000000

rectification
0.998066 -0.029026 0.054962
0.027879 0.999379 0.021526
-0.055553 -0.019952 0.998256

projection
725.697569 0.000000 377.266621 -186.354248
0.000000 725.697569 306.209999 0.000000
0.000000 0.000000 1.000000 0.000000
