# oST version 5.0 parameters


[image]

width
820

height
616

[stereo_left]

camera matrix
646.133713 0.000000 400.893729
0.000000 646.069062 304.787569
0.000000 0.000000 1.000000

distortion
0.156393 -0.261075 -0.000816 0.000350 0.000000

rectification
0.998988 -0.037536 0.024776
0.038042 0.999070 -0.020283
-0.023991 0.021205 0.999487

projection
725.697569 0.000000 377.266621 0.000000
0.000000 725.697569 306.209999 0.000000
0.000000 0.000000 1.000000 0.000000
