# oST version 5.0 parameters


[image]

width
640

height
480

[brusb_wet_640x480]

camera matrix
464.015707 0.000000 353.670391
0.000000 462.756973 247.734851
0.000000 0.000000 1.000000

distortion
0.007742 -0.008235 -0.000835 0.002624 0.000000

rectification
1.000000 0.000000 0.000000
0.000000 1.000000 0.000000
0.000000 0.000000 1.000000

projection
464.676849 0.000000 355.664903 0.000000
0.000000 465.008484 247.292580 0.000000
0.000000 0.000000 1.000000 0.000000

