# oST version 5.0 parameters


[image]

width
800

height
600

[forward_camera]

camera matrix
587.362586 0.000000 437.430133
0.000000 586.322994 307.252204
0.000000 0.000000 1.000000

distortion
0.012212 -0.010311 0.000647 -0.000346 0.000000

rectification
1.000000 0.000000 0.000000
0.000000 1.000000 0.000000
0.000000 0.000000 1.000000

projection
589.839050 0.000000 437.160701 0.000000
0.000000 588.643616 307.670903 0.000000
0.000000 0.000000 1.000000 0.000000

