image_width: 640
image_height: 480
camera_name: brusb_wet_640x480
camera_matrix:
  rows: 3
  cols: 3
  data: [464.015707, 0.000000, 353.670391, 0.000000, 462.756973, 247.734851, 0.000000, 0.000000, 1.000000]
distortion_model: plumb_bob
distortion_coefficients:
  rows: 1
  cols: 5
  data: [0.007742, -0.008235, -0.000835, 0.002624, 0.000000]
rectification_matrix:
  rows: 3
  cols: 3
  data: [1.000000, 0.000000, 0.000000, 0.000000, 1.000000, 0.000000, 0.000000, 0.000000, 1.000000]
projection_matrix:
  rows: 3
  cols: 4
  data: [464.676849, 0.000000, 355.664903, 0.000000, 0.000000, 465.008484, 247.292580, 0.000000, 0.000000, 0.000000, 1.000000, 0.000000]
