# oST version 5.0 parameters


[image]

width
800

height
600

[forward_camera]

camera matrix
598.117814 0.000000 435.135942
0.000000 597.976304 321.253912
0.000000 0.000000 1.000000

distortion
0.024882 -0.020451 0.001094 0.000632 0.000000

rectification
1.000000 0.000000 0.000000
0.000000 1.000000 0.000000
0.000000 0.000000 1.000000

projection
603.043274 0.000000 435.747126 0.000000
0.000000 602.797180 321.979446 0.000000
0.000000 0.000000 1.000000 0.000000

