# oST version 5.0 parameters


[image]

width
1280

height
720

[forward_camera]

camera matrix
694.715534 0.000000 684.749416
0.000000 693.794923 374.662028
0.000000 0.000000 1.000000

distortion
0.009350 -0.006171 0.000384 0.000290 0.000000

rectification
1.000000 0.000000 0.000000
0.000000 1.000000 0.000000
0.000000 0.000000 1.000000

projection
697.098999 0.000000 685.409601 0.000000
0.000000 696.491760 375.005150 0.000000
0.000000 0.000000 1.000000 0.000000

