# oST version 5.0 parameters


[image]

width
800

height
600

[wa1_dry]

camera matrix
391.651079 0.000000 395.733051
0.000000 391.097930 200.201610
0.000000 0.000000 1.000000

distortion
-0.242208 0.038546 -0.002176 -0.001312 0.000000

rectification
1.000000 0.000000 0.000000
0.000000 1.000000 0.000000
0.000000 0.000000 1.000000

projection
264.883087 0.000000 397.068545 0.000000
0.000000 284.593994 155.930718 0.000000
0.000000 0.000000 1.000000 0.000000

