image_width: 800
image_height: 600
camera_name: wa2_dry
camera_matrix:
  rows: 3
  cols: 3
  data: [395.929595, 0.000000, 386.866509, 0.000000, 395.051883, 258.671591, 0.000000, 0.000000, 1.000000]
distortion_model: plumb_bob
distortion_coefficients:
  rows: 1
  cols: 5
  data: [-0.234421, 0.035011, -0.002404, -0.002619, 0.000000]
rectification_matrix:
  rows: 3
  cols: 3
  data: [1.000000, 0.000000, 0.000000, 0.000000, 1.000000, 0.000000, 0.000000, 0.000000, 1.000000]
projection_matrix:
  rows: 3
  cols: 4
  data: [270.326843, 0.000000, 387.791005, 0.000000, 0.000000, 314.846588, 232.238115, 0.000000, 0.000000, 0.000000, 1.000000, 0.000000]
