# oST version 5.0 parameters


[image]

width
800

height
600

[wa2_dry]

camera matrix
395.929595 0.000000 386.866509
0.000000 395.051883 258.671591
0.000000 0.000000 1.000000

distortion
-0.234421 0.035011 -0.002404 -0.002619 0.000000

rectification
1.000000 0.000000 0.000000
0.000000 1.000000 0.000000
0.000000 0.000000 1.000000

projection
270.326843 0.000000 387.791005 0.000000
0.000000 314.846588 232.238115 0.000000
0.000000 0.000000 1.000000 0.000000

