# All marker locations are fixed (f: 1)

marker_length: 0.1778
markers:
  - id: 0
    u: 1
    f: 1
    xyz: [1, 0, 0]
    rpy: [1.5707963267948966, 2.2204460492503126e-16, -1.5707963267948966]
  - id: 1
    u: 1
    f: 1
    xyz: [5, 0, -2]
    rpy: [1.5707963267948966, 2.2204460492503126e-16, -1.5707963267948966]
  - id: 2
    u: 1
    f: 1
    xyz: [-5, 0, -2]
    rpy: [1.5707963267948968, 2.2204460492503126e-16, 1.5707963267948968]
